[gd_scene load_steps=10 format=3 uid="uid://c14rywajkho8s"]

[ext_resource type="Script" path="res://Scriptes/aerostat.gd" id="1_0xmlp"]

[sub_resource type="StandardMaterial3D" id="StandardMaterial3D_66o60"]
albedo_color = Color(0.645609, 0, 0, 1)
metallic = 0.68

[sub_resource type="SphereMesh" id="SphereMesh_rv7rs"]
resource_local_to_scene = true
material = SubResource("StandardMaterial3D_66o60")
radius = 1.3
height = 2.6

[sub_resource type="StandardMaterial3D" id="StandardMaterial3D_f7ofx"]
albedo_color = Color(0.266575, 0.266575, 0.266575, 1)

[sub_resource type="BoxMesh" id="BoxMesh_l0rbj"]
material = SubResource("StandardMaterial3D_f7ofx")
size = Vector3(0.15, 0.1, 0.15)

[sub_resource type="StandardMaterial3D" id="StandardMaterial3D_6r2lo"]
albedo_color = Color(0, 0.129622, 0.362292, 1)
metallic_specular = 1.0

[sub_resource type="BoxMesh" id="BoxMesh_ya5sm"]
material = SubResource("StandardMaterial3D_6r2lo")
size = Vector3(0.06, 0.06, 0.06)

[sub_resource type="StandardMaterial3D" id="StandardMaterial3D_hqojo"]
albedo_color = Color(0.172833, 0.172833, 0.172833, 1)

[sub_resource type="CylinderMesh" id="CylinderMesh_fnmv5"]
material = SubResource("StandardMaterial3D_hqojo")
top_radius = 0.01
bottom_radius = 0.01
height = 1.0

[node name="Aerostat" type="Node3D"]
script = ExtResource("1_0xmlp")

[node name="Model" type="Node3D" parent="."]
transform = Transform3D(1, 0, 0, 0, 1, 0, 0, 0, 1, 0, 0.229836, 0)

[node name="BaloonMesh" type="MeshInstance3D" parent="Model"]
transform = Transform3D(1, 0, 0, 0, 1, 0, 0, 0, 1, 0, 1.91574, 0)
mesh = SubResource("SphereMesh_rv7rs")

[node name="RigidPart" type="MeshInstance3D" parent="Model"]
transform = Transform3D(1, 0, 0, 0, 1, 0, 0, 0, 1, 0, 0.0788372, 0)
mesh = SubResource("BoxMesh_l0rbj")

[node name="CameraScreen" type="MeshInstance3D" parent="Model"]
transform = Transform3D(1, 0, 0, 0, 1, 0, 0, 0, 1, -0.00115553, 0.05, -0.000306427)
mesh = SubResource("BoxMesh_ya5sm")

[node name="Rope" type="MeshInstance3D" parent="Model"]
transform = Transform3D(0.837922, 0.186361, 0.512987, -0.217104, 0.976148, 0, -0.500751, -0.111372, 0.858396, 0.126415, 0.583887, -0.0997316)
mesh = SubResource("CylinderMesh_fnmv5")

[node name="Rope2" type="MeshInstance3D" parent="Model"]
transform = Transform3D(0.801077, 0.178167, -0.57143, -0.217104, 0.976148, -6.39555e-09, 0.5578, 0.12406, 0.820651, 0.119015, 0.583887, 0.101277)
mesh = SubResource("CylinderMesh_fnmv5")

[node name="Rope3" type="MeshInstance3D" parent="Model"]
transform = Transform3D(-0.775156, -0.172402, -0.607792, -0.217104, 0.976148, 7.95252e-09, 0.593295, 0.131954, -0.794097, -0.131467, 0.583887, 0.107871)
mesh = SubResource("CylinderMesh_fnmv5")

[node name="Rope4" type="MeshInstance3D" parent="Model"]
transform = Transform3D(-0.738516, -0.164253, 0.653922, -0.217104, 0.976148, 2.49618e-08, -0.638325, -0.141969, -0.756561, -0.116403, 0.583887, -0.121915)
mesh = SubResource("CylinderMesh_fnmv5")

[node name="CameraPlacement" type="Marker3D" parent="."]
transform = Transform3D(4.37114e-08, -1, -8.74228e-08, -1, -4.37114e-08, 0, -3.82137e-15, 8.74228e-08, -1, 0, 0.234688, 0)
gizmo_extents = 0.97
